#vector x= 3,12,7
#vector y= 4,9,11
x <- c(3, 12, 7)
y <- c(4, 9, 11)

x
